TC1
COUNT: 400
MEDIA: 242.32000
MEDIANA: 239.5
MODA: 393.0
SD: 145.25811
VARIANZA: 21099.91760
Tiempo de ultima ejecucion: 0.00200
