TC3
COUNT: 12624
MEDIA: 249.77622
MEDIANA: 249.0
MODA: 94.0
SD: 145.31785
VARIANZA: 21117.27747
Tiempo de ultima ejecucion: 0.01301
