TC2
COUNT: 1977
MEDIA: 250.78402
MEDIANA: 14.0
MODA: 230.0
SD: 144.17132
VARIANZA: 20785.36913
Tiempo de ultima ejecucion: 0.00200
