TC6
COUNT: 3000
MEDIA: 187906599279774728192.00000
MEDIANA: 1.88008049965543e+20
MODA: 1.27620004531949e+20
SD: 107382050173809999872.00000
VARIANZA: 11530904699530646862954721780958962384896.00000
Tiempo de ultima ejecucion: 0.00399
