TC4
COUNT: 12624
MEDIA: 149.00267
MEDIANA: 147.75
MODA: 123.75
SD: 130.41442
VARIANZA: 17007.92084
Tiempo de ultima ejecucion: 0.01215
