TC5
COUNT: 307
MEDIA: 241.49511
MEDIANA: 325.0
MODA: 368.0
SD: 145.46485
VARIANZA: 21160.02196
Tiempo de ultima ejecucion: 0.00197
