TC7
COUNT: 12767
MEDIA: 247467395499714904064.00000
MEDIANA: 4.63135857160402e+20
MODA: 1.57638329490099e+20
SD: 144605647009847033856.00000
VARIANZA: 20910793147136483762414542324695312629760.00000
Tiempo de ultima ejecucion: 0.01193
